Github copy paste Portugal National Identification Number Multiple
28385147
40587778
84300312
60426400
64171886
68266197
46410120
35896970
44865314
9102788
62770448
93246076
30520541
88724059
52109210
93755299
45456413
4340773
17440304
6534430
66175155
99150021
15582602
27275357
70075240
22480552
18374793
42859882
49968481
8731111
77989777
28038611
7897629
98597219
16411696
68815414
10286712
71162671
847558
44948761
15174343
68768906
97328904
25380850
64927680
14564852
48743983
1614988
44132894
3067241
31425438
93595189
51714021
94718472
63409032
96131026
66078900
92073802
43121129
56596798
92020272
82268912
16792880
94473653
7187424
37636102
17487238
54584036
48782145
26175864
49637349
75602132
71297554
41748041
50890555
35306178
1886297
92076917
98976262
63724754
69679972
38614446
71007422
62789140
39193355
35454925
5406488
66844014
41040297
56591359
29052686
50541185
454443
71170500
73731577
4411503
66740220
59395213
59622255
82325206
65044260
73927451
66739019
72397213
83807202
4554693
48315361
60367574
34762632
58954112
19403223
11578375
91713120
80003262
61827570
68981060
3409383
93127785
6803339
18046003
18785941
39206818
38401124
5534640
32474289
68862975
26050235
30380195
11361581
36550982
92672632
47826274
91390302
92504054
53583181
4517074
66222395
83758714
42329284
50030265
40086410
61245933
58500535
41219151
55856278
79077631
65905384
51284974
72567128
17537871
48468999
38792280
67239997
412752
96072357
39455045
47514135
88273549
14011302
54262022
18121663
38686255
69065750
68541823
4675815
75479391
13932513
19629741
19660093
4210238
10529863
77090979
75436315
88610274
42118881
72824227
65627330
11405881
77697246
24194179
66110964
12913663
8572697
86811963
28675212
30579696
10025723
96732021
94182405
23110857
52527901
52755170
50012990
4549176
30213380
57210909
77318534
26059594
7169710
65340543
46652603
17686485
75593540
6008259
21785291
2509700
45740821
31568257
19698731
76165564
57785856
49598116
86879510
53403117
12310952
56107582
88668323
76207244
75275005
72381641
81904793
25415075
97174005
26280784
41112651
90017419
59100200
46087999
32720079
16564798
99501125
89206189
33051744
78286885
88687355
81237526
53890124
61738460
63399361
30074107
23270012
98036771
55610322
43840056
763854
19027340
91933590
26811965
52098808
48194398
4032001
71152469
65614018
41873516
83979931
21369644
80664381
91308469
17813285
65672047
56326234
35450529
26673274
53923413
77570165
45630225
6300774
64301817
92736701
43530043
82764786
70422203
96896249
35611245
13950430
95160089
64004432
70251902
56386930
42710246
81028881
16353623
79617130
88926061
3411318
84938478
84020117
32682269
10688442
95401
57088348
37092660
80711952
10214623
84717242
54300396
43959057
92260556
65582542
14525916
10200203
85712823
61283850
92663227
86987762
18242612
53875925
85345580
80663277
41811091
1661592
45175245
90697126
29565537
73819556
94571712
7074352
15542
95806863
19671933
24665988
3431458
7238295
98755874
48114635
66075630
77625123
99264351
6255879
33249394
10881299
20918825
45872281
33517130
60177930
76400095
72087133
95015787
54537518
61629246
55231370
11524252
13677450
54156737
73427070
60893814
74445160
78726690
96522329
95301140
39735559
54663580
29530870
7367501
1582992
56128543
89712465
25521333
32056251
84266015
35448250
55030772
99115229
3938507
48623357
57110656
13243959
45588958
48129445
79126033
40268877
50514345
39010627
99203089
78024026
45760590
42165155
84735824
35209174
42740350
599912
88548439
3086739
53130488
73356927
40974060
19134037
12562943
90213631
79508234
39274600
30510623
56329942
16618660
65290197
66744032
62587529
88541908
20612119
95252012
5604123
70789222
27380534
69957435
78471408
58849322
71103242
75058546
80581281
3135232
776656
21480503
53986117
53273811
42988311
98189286
16125829
67396781
67558826
36466401
53659468
51283660
34004253
96834142
51349800
52091211
59059583
24182665
71510140
63811610
89012357
57220313
47496773
39108403
73960273
90417386
55775370
43051581
74678194
93304900
31095055
2522421
57031319
586209
7781165
62531896
81155838
83515761
76671310
79935869
3074830
10324888
71648160
68017878
70459889
30689385
89059129
80871236
75239238
51439504
15329885
31457030
21335003
51249008
45575675
97029491
26196947
18695325
60442313
63319771
29227873
12575836
28307598
19323527
78311444
10249321
35713532
24784510
46671876
89771097
16046742
83172479
92938505
28281590
94569495
32120629
92739646
38473289
78658980
64102196
2020609
34237238
94081693
15101238
99307469
65772636
16774814
28050268
55591381
42523984
84844953
61711644
65226350
51587206
32642064
32013010
91817259
57100464
16399566
65518948
39174065
84132606
27160410
62395527
51846420
39008783
58188016
87588630
4180440
41037817
40099835
73367787
51089441
79889859
54835730
32065493
7457237
61671600
75048099
82032194
99743793
39408194
38796705
56878962
46477900
33020159
55752302
8473831
66527565
27399920
25580393
48904413
62160976
33007537
89266250
30533198
18384263
77770161
48637087
18602623
85116116
3061903
31720753
45873330
99706780
1206646
30102640
54162283
94649961
53957108
407895
30300728
660362
71311842
4447402
41034669
93215548
56604114
7459901
64831296
94665121
2907907
61408670
82997877
98542859
70808986
81965572
97897798
62368612
57804848
55504923
27714393
7812770
88434824
45249641
85134097
19684868
3558880
8121058
33009026
47972845
86313017
51343939
1302188
32980306
6865253
59910330
89149884
93992800
61932846
51067043
40560969
22177506
50901103
26971403
53338566
95958997
51616944
18450272
81817276
35442530
91827150
85947222
30707601
71551642
96031407
30149069
67497713
84120559
30752499
17688709
41892491
15484461
44219023
53424840
33597043
50979006
31265302
15923004
59321944
20341651
29453047
24162644
7228177
95121578
55137669
80425016
98117632
97060065
38248476
29198174
41841733
96105679
75829930
61529593
99541516
85911443
51485858
72844082
8217454
70561876
72870992
39069824
1879020
8877909
57946366
2760253
61624651
23620404
73811418
37020115
41469914
3317002
62252163
90993497
84745927
35480743
49595280
62591736
45452743
10751674
55432875
2486437
67642595
53549111
65860061
7492939
39304614
66339896
22890014
15976257
60795425
19448643
24301450
23590114
67493026
95032324
31974015
43819848
92942100
76568580
37824541
61644023
76185428
1338589
77686232
98786412
40619948
72180475
19437196
33463785
41460102
28150794
88625037
96622813
59974159
9527179
88705156
8993907
7636990
19545006
38155944
71400090
42493811
65306391
1742908
60309386
29522070
30912200
72249114
14217549
5798309
2511849
93445543
34521302
30022920
60002534
18746899
90088578
49018903
35308598
23756253
2971589
51127281
78190157
37521157
79630415
80613986
41676180
23114092
61256685
67410459
77745220
36909234
11463930
97245233
98548975
70960013
89073679
24582610
88454581
16099917
77191305
48480604
8411322
86629108
73984869
34326369
69020482
49708810
32908409
50391495
72574491
28511533
30423687
10702739
309029
29137734
67073841
72135423
51225600
66892669
7681021
84683105
85532135
1107730
2614381
33314205
6223036
5926510
95607707
53674951
39556504
4076561
56702880
54938807
63171903
29783107
17621831
88668441
60639921
65588087
89923009
77359368
55855612
2613247
40916060
75101723
18082437
35749364
55689091
17554326
61011123
37400802
9921012
60414466
22178796
2067551
56135176
12451710
98049864
53185725
27510343
6807201
29218400
13968365
93794837
43359176
71233860
15322240
39421670
31306457
84299094
31636777
43829642
43991787
50417956
10627072
83926124
86411377
51019679
55466333
18995963
97370548
62609614
46357634
52321609
41384538
76591286
10427428
59514793
65940378
3748912
54125973
73169895
12126921
61995300
85875864
56674725
15070468
43002261
66871611
45890139
61284075
41822599
13049983
55446527
54879323
76183509
78007854
35108043
94385799
7547028
2946702
82994606
89551086
85234905
49544171
78362066
9249995
31141237
90493133
51382704
11186313
61053190
17467774
13760299
61769238
15672266
65599899
3858934
63163995
14040381
49665835
62476900
79300299
6103904
34119629
39011746
46493880
81877357
12526046
96975859
11060796
69670941
6703035
64541710
99178240
62013537
94719427
8484482
8183393
56153853
33292880
40250196
89210789
67218003
1371609
49300159
28355096
24462516
7397767
65906308
98155153
7292383
50616460
68483586
91043457
2509683
3665636
16401752
5264316
6838801
97720149
41262358
71502522
51542702
98019576
69531520
68826803
98236570
70939010
32451744
47356772
48165590
70505391
81261569
89021359
8620579
49359559
49573807
74371062
346885
25316704
87686865
24015271
25737972
21844631
28134247
32356694
17209359
30652534
20719749
19761506
93662367
42637844
56987885
63255940
79447623
5861461
89020808
98719878
28638078
96123791
88648372
21245380
72810836
6997891
32369042
1756466
47174295
21292253
46735326
62216948
45474077
59703441
84501181
1716094
55479195
89072236
56120669
66234088
58370800
51731032
33095270
62569687
20677115
90638616
15017418
84277881
6577332
90969357
7804430
9764117
15316836
60190820
9316310
37900123
86118356
42905370
77173442
