Github copy paste IBAN West
GL43 5604 8638 0944 31
GL33 2805 1922 4913 73
GL66 1119 6860 6812 09
GL88 1838 0780 0323 84
GL16 7734 0825 2616 38
IS31 3562 6734 0180 8318 6824 83
IS91 3047 8338 5661 7397 8897 32
IS27 3906 8615 6865 1200 4069 73
IS81 2902 8336 5423 2370 0360 82
IS12 3024 2965 3893 6630 8179 65
IE95 2583 6415 1918 7591 15
IE09 6922 2427 0934 9632 63
IE44 8848 4722 7660 2084 71
IE88 2786 8372 6351 6384 34
IE65 1017 5722 0050 7604 97
PT50 0968 6131 9721 3850 1544 0
PT50 8099 6870 3302 9637 2026 2
PT50 6799 0534 1660 9572 0463 8
PT50 1972 8889 7495 7690 0307 7
PT50 8810 3547 4668 2668 3234 9















