Github copy paste Polish REGON Number 
49289067994880
54059871736871
45531378460921
99442694737656
25510291273263
8237759078920
96648438143370
61572183552149
16381226612488
55286767422326
14054480051902
91830488050446
17707034510118
67467148879044
26723085962481
39517621831113
16159898104026
35773297988602
26083229446421
3204591115589
964584180
898010649
142952791
782825829
867708650
253929620
887257858
538198994
792205674
767977583
693182731
655547607
755177219
666564400
954185162
827162260
816079122
108725627
224100389
243900557
