Github copy paste IBAN Central
FR73 4839 4426 0467 5586 0518 024
FR73 4839 4426 0467 5586 0518 024
FR73 4839 4426 0467 5586 0518 024
FR73 4839 4426 0467 5586 0518 024
FR73 4839 4426 0467 5586 0518 024
DE51 6385 2660 9788 8793 34
DE12 7698 5253 4885 8939 53
DE42 0253 6118 1108 8098 24
DE41 2889 9013 3627 2282 42
DE69 3686 5110 3740 7259 97
PL50 6722 7299 2771 3135 5593 7578
PL00 5465 2198 6926 7101 3503 9135
PL96 1046 9051 2519 6875 4558 0603
PL75 3907 6474 9490 1218 9491 6502
PL91 3580 1395 3569 2626 4677 6935
NL51 QOQK 7708 5489 09
NL61 NFQT 8129 9639 96
NL31 HVNF 8601 8791 11
NL40 MESC 8496 5448 09
NL18 UORC 3081 4770 34
