Github copy paste Croatia OIB Number Personal identification number Multiple
45029422056
31877948476
26028808020
78319051337
69581559957
14011923388
45667657373
30500834124
22916984128
9263291709
21371111915
35421055182
2631171875
71984830871
18800410468
78427340064
54414723261
98269419316
70453893751
90233065932
69375655403
68611693220
8290297524
5131245395
26472249629
51878853612
78718395971
28496401135
12165160818
45967075441
62822136066
88145145693
77371885535
3661674614
18288206156
65100648540
34902213083
54531281512
75105386159
1394780806
44082100336
59536841837
73819128758
39706608828
88688613213
6486035809
44878328641
79070046083
88096277399
17155584543
90880117231
38529702163
58315605440
46437441361
32326018785
63312700431
90177751353
99341330938
21213300453
94162619226
97499811104
9282848055
49482055595
63561223879
25629803676
71605164861
79286152172
44028386260
34413525207
59826908131
8177256586
78648665755
72212054047
31650178908
22048834730
30791668646
25709951054
10574290689
10491575170
95988919413
7227276121
27886773794
89061191842
79709605111
19737291958
59161407906
99801514974
14942669319
89158932937
45270603905
47221114493
82897414275
80303458215
80847167174
26660998276
5768114555
93034148475
9743777521
61415561935
27608392973
52275545453
74004168870
38018585961
32564902477
52480701176
88966103011
48495553964
91957211910
2424198101
83450862339
83049111725
29053516001
72240262278
44701376807
13012317280
88130001368
61531565358
83936171038
48649822335
12941879319
13856015655
26037310864
2803944205
71160701434
61812389365
37385993190
96237472653
8854985629
60538932743
41814126094
36054590964
40885253274
71552169724
15185609723
43437705706
8090832631
92824281502
49886493791
67771938692
51113949292
66969615534
99584457877
90331619058
74585904990
3042809318
97312748928
2133813318
94105781877
13310972614
65989884927
3900531346
79316858781
55154904068
64300920667
10024249252
61117040015
38938197689
60548083361
26027085018
7641830860
51417212273
36555092380
31715573756
94075869126
16108918813
73087439638
66822186176
4632577310
80416813645
23401763896
96167407998
19425053196
20018482821
25608870562
797641702
26778401127
79775459266
97814449296
92217860380
53708691668
60017193780
44499506724
95698671893
39881078483
49955338653
3032223803
63316816291
56223281704
5393717272
20250278643
10034160313
85497494520
4983590605
90800119909
65700579860
81945144383
63623877497
53234418487
5756986827
14720573195
8693155027
37227548061
2290059192
61103855135
47124586738
60410524293
52137984543
36112100589
46508472254
92160828054
75168340829
97131600022
85392460578
5970277770
56055556757
27349688963
15188906687
14711705669
71255886304
16091684909
81436420071
62410702117
53147270641
20551110661
94195154179
23530030201
77758508177
70872605910
97966140542
75374094709
95247469899
90865307095
88857822381
50465800561
43949371033
63536281692
46619417902
18368161891
54706669455
50786968389
58573970856
13606301593
33117146859
59149894807
283651252
2594843615
2809582630
11473705394
93284147217
59925608268
61631219912
54739390081
62655824865
40817814731
96314751316
1554527031
74785692618
33114973225
17187037800
72441623406
84647867642
74764147466
15278494002
85091712936
10038278877
87600580460
59194962539
85066020166
17932955965
94092333161
78909709611
66274404551
83099729716
42930028515
33513293482
65287233771
53911343382
49853160239
68816347066
58137586315
13111316083
68266098088
9725732105
37771504340
66867297950
99272107395
90133102895
60442610114
86670908707
12507900267
57831194546
81563807640
28610589381
49797940877
94365122121
87993361341
7580887320
3781959518
16709217584
52567749259
62134125823
69641072452
3919713978
8724347246
28258800630
5751103183
1548796721
91698242677
27578077863
82714014348
70026502704
32541292243
71717576644
37836660688
36423090014
94249754551
65650823710
54121306734
35334860704
28101373558
25819496081
17677814766
71192497053
13155038598
31693482270
85269715098
76254759696
56530632973
12257026888
32558137181
38320571424
78237607368
42725619102
85201117399
11773486027
23701154482
1859410376
40638431625
44162659344
27913010180
15305197660
97943807582
95093794190
61125096122
49032458537
41232366921
89460274579
34543133166
64302097251
84674309311
70819541656
51946277266
99073745511
91364551585
1395708610
4826811503
40805698462
79590678964
90086573158
77279587153
89222774696
17605147539
30175153290
12618537161
91595931376
89904635866
98783551884
61234046984
98810910675
10805354250
75683990674
23007192710
86727862909
24456190128
23398332809
44377034622
65171367447
3230926719
9184896064
23684157081
69413910320
20336539640
15457234003
47742922068
90916825089
53476882724
12093224413
35298104362
54452884630
45878482960
19255662911
89396056095
85048937211
81273401920
21912838931
99987957088
97765821553
94592442174
50033802353
97965440368
15154015095
78561446141
10666239643
92731043174
33442241633
42275912272
20567412465
69801660607
69049817078
34215766078
41927240038
47213236794
45709256123
51013610367
34578224469
56376470018
15175900502
23841297856
18305918744
33543936773
5582021420
25207230006
4733766957
39340605116
7727998109
20351832175
61098059469
94868118400
98327237859
38000022630
58037540871
35210609766
53647931319
53481001122
36967081611
19940198404
51905583080
59188369701
21351602116
97701521335
69307459595
18155663116
21325894972
67360469581
33047285954
73812444332
11102127059
37981526134
67402105362
91550151806
16717813890
97656142142
50038356223
19016870907
50194434601
93009929907
21795913539
73451439812
20685632467
47017362150
85256011146
60181069024
43841834817
22386500403
20079771355
57302333450
46315328075
81544889383
23779282491
86950942621
19771421288
32538508064
29470050095
90915281992
15223906913
24578569012
61703933479
50344637304
79595679120
331291025
26732697841
1173278440
59900629481
52976726879
42100416092
78785200768
57078387946
53606251512
48527930473
91421681320
13630820671
1025381064
4393680014
29666429288
7277726625
4587253230
53048882026
6797431246
9385650949
58770111836
78816204956
47152098943
84857771530
82627113764
27694290180
59927070213
37229143931
39248768709
88683236078
49211811597
34440741159
1656510061
80515837609
76291133615
89674474025
87940437454
60420844158
42500138777
48750666198
68882500881
48489692690
92864273374
13330183737
18723826303
20237396184
44073821912
33256362681
61974666047
31643835138
3109690219
96739153662
6562013907
61781092356
4010706122
69272782980
1977453709
43690388190
99311107756
95305474680
10791045481
84752579703
88639126167
22014817650
53902711907
2307676789
85359142420
67311023768
17935228247
10761207267
49176348119
37603087119
75665302160
1273448819
10863265317
28638664847
85394165252
42797002158
50480742407
30909220690
71964956749
50801713535
41231596531
92510430695
38852590886
44859781825
89992962356
40946987978
55194097378
7277060853
43861559885
28016100566
32246051436
57927350646
92633123325
21279603393
59416021750
62980359910
14412205629
4416941527
28908423334
19779538449
59125044418
4674760008
59447210143
7653705325
2917469
18955278068
49460298596
61015237062
12377296414
21405012678
22049854481
88903661197
87015240092
53185450034
18707187341
49531774019
76602623942
25360843739
19154741943
74147117131
46037981480
52211711239
7825884762
33260912656
41055945740
67237148464
52230431075
3185877007
13167680574
28565417439
63821458554
23330734807
23616974433
42442216201
56071118406
67322298500
54444900600
38386440933
48685854561
45260464208
77487623105
96656880718
14215453194
7205918727
59126484008
13792513018
62016687361
16862565169
70436430031
72038694607
20503173235
74671187428
8675590428
16750430802
60218107138
82802328780
29527237830
22768483346
17951013570
81390040706
2266366086
60216729289
71266787678
96733687556
24099802494
42776306155
1932339449
52699170837
34976434046
3749127872
74582914085
86988088810
22335913408
15950300779
29234273598
42024743189
4015814922
44601589700
27200959878
60878500751
31254161105
67184417074
49262177330
5068582520
53173852391
85152060607
13246600891
86501816499
29063568560
23439288816
35068718299
7953295942
51489377051
6735135829
31061660031
79210393451
60555243974
28780713030
53743640951
88007088496
16704028843
39799744836
2844056049
98910623093
32073304969
41996787300
77528947777
67045029758
12590113324
91369807168
47308740722
55657180569
34349372622
47858109767
61811005746
4234882648
11953400594
7080891850
23786568575
37518792353
48555082936
6202514737
32219000141
72000762099
21397646522
26251056637
15293491942
8316675195
97132457482
92005245148
30122550818
20795082261
57768874079
16431095223
6044500153
24028532996
99632530468
82850183506
34363891282
48755851580
16505057513
20097223235
25722070151
38849443872
15311390103
92108086050
15403315262
26105747160
61227279211
95400239330
13903247454
40149763103
96896487075
15930854299
39410370717
22381164646
20461802413
52753500292
90281653031
1717461100
22552825171
38897085147
70644847719
89092437380
5010075638
49315990048
40552714145
31662216545
91810033462
89800199438
62302709932
5148618846
64901447644
42115070005
74086780922
27881900773
738230416
25066578129
43959252449
54173461017
90162670303
53231117997
13187079934
92737130733
62288177012
80598409528
88311079969
51311686992
27331889479
86837867591
90826147086
80105180660
52694010675
82918369008
78453030273
46299813951
28208623749
25313595149
21178215693
1112911759
96911052310
22593024491
20335008999
31493662986
92858004648
99695416321
12118161243
45220773017
27824710390
74060110976
41369647660
9936180691
17512156277
94650642726
8191195484
98338949726
83345250001
1341416548
96461467259
27382103707
31199251977
18107905075
11707530095
49939851031
23653104161
83852321790
74800446472
52750598759
20302373131
4404142577
61507156359
90271967420
4533093039
38164431232
60549897732
3726551294
66930612060
39889188411
18130367728
37334415906
62790319477
84969799203
1609280463
89363477042
7119096530
94725967909
56043809429
63002395001
20240059887
39952084305
81291307075
25111180318
42069659766
14919727332
36829884496
39724371029
89659474987
22774630492
61919448335
71501313421
71660959352
13238442768
41043632364
10445981860
49739141119
45387625166
14594297056
16608927302
99189586490
22069347919
99598554544
62312604127
2333037288
89135672411
43218686995
87686678879
74909045543
19300952739
59369297406
29586080516
5338322825
80860766884
8686790479
71537419460
40111516201
24621628568
99010818846
78682570511
92302730247
64190901088
67647156926
53423323467
5045892465
44677201293
61477796603
5350620321
26955447506
51270394955
28467472346
67871201906
58493765969
50431054466
70215928479
61316008193
34970264002
85085297906
26554471658
238476590
14910581464
7450210210
25748330409
38438149070
30571972048
1700482748
65304600480
13151387045
42500793954
43915657875
45626071930
68138510689
24721619701
24993121986
72285328156
73209533953
87371117197
8803109399
8671805132
15584794096
63315717545
70672441087
45737028076
10964794600
30078377235
67546472173
26205417579
81661901371
23465536539
80182463212
35730761547
35296392980
70041970354
37493613063
1321671925
74511629005
63841958115
31143091266
66776260420
67874780564
15121862782
73837460186
84029473875
17360871955
42991040521
22136129353
84381613423
13423949717
16352726620
77241923761
74870052731
83813142086
25154841107
26055904421
15732245025
67183990697
93815844275
38011597207
23131250312
41962587080
64704077736
25344481137
35278645800
83795222792
72415450110
24675616025
49701996534
78508723005
12376027845
48242354957
30450305845
96863638474
1130165033
40636921339
8960898935
74392681181
66504039502
35334283724
62804740946
9826857530
6623049997
84100742362
65814421
77993092771
47221059137
17865104089
8676749167
80478065998
74943731581
6362090513
85662736156
52662315820
46110220890
90200400249
15811254295
16289947593
90284716007
88895891501
20021466900
91189574377
75504390009
9385930772
59332715236
64624549730
80341912311
71219802199
35110717205
28213996278
13944801502
87622233973
57286516141
16330258578
