Github copy paste IBAN East
FI10 1319 3783 0850 65
FI91 8451 8058 4825 96
FI76 6558 3560 9006 72
FI82 4838 6966 5206 93
FI12 4606 2009 1492 77
EE53 2273 9231 4066 1640
EE35 5017 7340 0873 6223
EE42 7594 1043 0157 6136
EE33 7214 8815 9295 0866
EE45 0179 5137 0047 2170
LV73 UIAJ 9322 5024 8045 9
LV55 SHVK 2626 9169 9135 8
LV29 HGPT 5782 2035 9159 9
LV02 HDXJ 8986 6067 6676 1
LV46 CBCQ 2715 9977 6389 0
LT31 1561 5950 5230 3178
LT31 1561 5950 5230 3178
LT26 1914 9306 0296 7575
LT38 9574 9202 8687 2300
LT34 8878 5021 5806 8718
























